1 10590
20 277
1 373645
1 122423
1 193405
1 19595
1 10677
1 19772
1 4671
1 193658
1 50445
5 207883
1 366353
1 253710
1 44841
1 1078
1 174871
1 3621
1 12945
1 29954
1 3629
1 210235
1 60
1 3047
1 4680
1 215079
1 131005
1 40
1 107682
1 197786
1 205012
1 19831
1 51178
1 32916
1 49434
1 29896
1 145969
1 26422
1 214382
1 366452
1 29949
1 5263
1 34901
1 74207
1 214350
1 229968
1 48197
1 4636
1 184773
1 190537
1 87962
1 193472
1 214062
1 37
1 4642
1 8841
1 12400
1 5136
1 35924
1 87926
1 23226
1 35171
1 2484
1 140216
1 140212
1 48591
1 121119
1 1728
1 5629
1 4612
1 192230
1 30013
1 366417
1 146175
1 190535
1 233074
1 50400
1 1453
1 39504
1 191371
